27715 150
1909 151
1995 152
2142 153
2258 154
2361 155
2541 156
2689 157
2929 158
2992 159
3221 160
3364 161
3535 162
3717 163
4022 164
4139 165
4389 166
4628 167
5047 168
5160 169
5430 170
5684 171
6099 172
6224 173
6765 174
6982 175
7320 176
7849 177
8206 178
8488 179
8969 180
9348 181
9757 182
10303 183
10703 184
11403 185
11833 186
12370 187
13055 188
13725 189
14396 190
14777 191
15545 192
16044 193
16866 194
17598 195
18373 196
18845 197
20159 198
20860 199
21609 200
22255 201
23202 202
24411 203
25227 204
26318 205
27268 206
28360 207
29642 208
30329 209
31867 210
32772 211
33641 212
35213 213
36393 214
37715 215
38577 216
40120 217
41521 218
43019 219
44929 220
45616 221
47742 222
48444 223
50150 224
51793 225
53274 226
54930 227
56824 228
57931 229
59855 230
61748 231
63266 232
64931 233
66950 234
68893 235
70464 236
72448 237
74344 238
76081 239
77805 240
79550 241
81330 242
83069 243
85158 244
87046 245
89196 246
91023 247
92624 248
94894 249
96874 250
98470 251
100394 252
103320 253
104339 254
106572 255
108215 256
110862 257
112176 258
114607 259
115777 260
117240 261
119510 262
121302 263
122785 264
124656 265
126480 266
128263 267
129689 268
131386 269
133847 270
135004 271
136155 272
137493 273
139087 274
141556 275
142059 276
143014 277
144796 278
146386 279
147177 280
148401 281
149927 282
150332 283
151708 284
152582 285
153190 286
154635 287
154642 288
156128 289
156056 290
156431 291
157939 292
157963 293
158653 294
159664 295
158992 296
158916 297
159981 298
159069 299
159369 300
159081 301
159692 302
158364 303
158847 304
158744 305
157900 306
157767 307
157129 308
157538 309
156295 310
156558 311
155658 312
154272 313
153770 314
152583 315
151388 316
150198 317
149601 318
148952 319
147545 320
145566 321
144755 322
143277 323
142945 324
141101 325
138961 326
138075 327
136200 328
134789 329
133061 330
131126 331
130371 332
128532 333
126360 334
124387 335
122353 336
120847 337
119564 338
117342 339
115721 340
113909 341
112269 342
110444 343
108620 344
106143 345
104595 346
103160 347
100331 348
99126 349
97095 350
94742 351
93215 352
90905 353
88861 354
87628 355
84792 356
82842 357
81495 358
79349 359
77790 360
75954 361
74328 362
71626 363
70663 364
68345 365
66702 366
64801 367
63423 368
61831 369
60161 370
58141 371
56433 372
54672 373
53265 374
51857 375
50706 376
48642 377
47005 378
45437 379
44501 380
43097 381
41303 382
40287 383
39355 384
37499 385
36604 386
35127 387
33953 388
33136 389
31888 390
30482 391
29325 392
28622 393
27264 394
26378 395
25431 396
24515 397
23413 398
22430 399
21429 400
20756 401
19764 402
19326 403
18404 404
17540 405
16863 406
16010 407
15520 408
14525 409
14323 410
13545 411
13108 412
12341 413
11971 414
11369 415
10961 416
10400 417
9802 418
9279 419
9014 420
8672 421
7967 422
7875 423
7287 424
7177 425
6707 426
6441 427
6198 428
5735 429
5377 430
5125 431
4908 432
4683 433
4526 434
4204 435
3859 436
3724 437
3504 438
3447 439
3195 440
3003 441
2827 442
2551 443
2502 444
2380 445
2314 446
2096 447
2002 448
1811 449
1748 450
1681 451
1618 452
1418 453
1371 454
1313 455
1257 456
1119 457
1095 458
1025 459
990 460
917 461
837 462
785 463
758 464
648 465
625 466
619 467
583 468
512 469
503 470
455 471
442 472
393 473
340 474
377 475
310 476
320 477
310 478
262 479
241 480
215 481
212 482
212 483
197 484
159 485
167 486
131 487
125 488
150 489
114 490
115 491
93 492
92 493
84 494
71 495
75 496
69 497
70 498
58 499
54 500
56 501
53 502
50 503
38 504
39 505
37 506
28 507
35 508
32 509
20 510
12 511
26 512
14 513
17 514
8 515
12 516
18 517
11 518
15 519
9 520
4 521
6 522
11 523
3 524
4 525
7 526
5 527
11 528
5 529
4 530
2 531
1 532
2 533
2 534
2 535
1 536
1 537
4 538
1 539
2 540
3 541
1 542
1 543
1 544
2 545
1 547
1 548
1 549
2 550
1 553
1 558
1 561
1 567
