28099 150
1888 151
2011 152
2172 153
2269 154
2305 155
2557 156
2660 157
2778 158
2967 159
3280 160
3272 161
3605 162
3733 163
3962 164
4187 165
4401 166
4653 167
4813 168
5191 169
5564 170
5664 171
5918 172
6331 173
6606 174
7128 175
7439 176
7750 177
8258 178
8604 179
8901 180
9331 181
9909 182
10349 183
11019 184
11483 185
11896 186
12565 187
12974 188
13747 189
14292 190
14752 191
15532 192
16062 193
16905 194
17576 195
18399 196
19139 197
20048 198
20816 199
21460 200
22730 201
23647 202
24357 203
25148 204
26156 205
27141 206
28151 207
29361 208
30496 209
31648 210
32558 211
33846 212
35118 213
36230 214
37909 215
39003 216
40441 217
41519 218
42787 219
44427 220
46093 221
46817 222
48623 223
50578 224
51762 225
53203 226
54964 227
56839 228
58483 229
60030 230
61409 231
63182 232
64608 233
66690 234
68665 235
70382 236
71912 237
74193 238
75574 239
77399 240
79639 241
81164 242
83181 243
84884 244
87249 245
88956 246
91240 247
92715 248
94533 249
97494 250
99016 251
100792 252
102738 253
104613 254
107111 255
108022 256
110175 257
112457 258
114500 259
115569 260
117669 261
119536 262
121487 263
124208 264
124968 265
126919 266
128068 267
129817 268
132218 269
132779 270
135549 271
136639 272
137406 273
139195 274
140686 275
142413 276
143212 277
144873 278
146378 279
146747 280
147799 281
150594 282
150712 283
151753 284
152304 285
153605 286
154581 287
155669 288
155860 289
156282 290
156947 291
157364 292
158180 293
158145 294
158168 295
159311 296
159435 297
159489 298
159809 299
158997 300
158815 301
158913 302
159399 303
159185 304
159485 305
159188 306
158199 307
157175 308
156743 309
156744 310
155520 311
154997 312
154136 313
152988 314
152149 315
151427 316
149770 317
149481 318
148251 319
147770 320
145942 321
144338 322
143337 323
142587 324
140761 325
138710 326
137298 327
136684 328
135005 329
133330 330
131703 331
130096 332
127788 333
126904 334
124500 335
123461 336
121536 337
119482 338
117665 339
115661 340
113556 341
112182 342
109718 343
108744 344
106206 345
104353 346
102379 347
101185 348
98525 349
96883 350
94974 351
92539 352
91374 353
89652 354
86646 355
85181 356
82908 357
81335 358
79806 359
77261 360
75569 361
73871 362
72203 363
70500 364
68264 365
66550 366
65067 367
63666 368
61982 369
59771 370
58372 371
56372 372
54999 373
53397 374
51827 375
50207 376
48541 377
47384 378
46012 379
44124 380
42952 381
41755 382
40716 383
39121 384
37548 385
36386 386
34978 387
34211 388
32691 389
31992 390
30504 391
29395 392
28243 393
27546 394
26298 395
25133 396
24116 397
23336 398
22375 399
21713 400
21000 401
19981 402
19143 403
18384 404
17463 405
17152 406
16196 407
15616 408
14773 409
14235 410
13639 411
12962 412
12369 413
11948 414
11380 415
10910 416
10111 417
9794 418
9421 419
8913 420
8590 421
8256 422
7595 423
7353 424
6902 425
6782 426
6412 427
5977 428
5722 429
5550 430
5062 431
4854 432
4594 433
4371 434
4053 435
3881 436
3681 437
3542 438
3315 439
3128 440
2998 441
2793 442
2696 443
2541 444
2320 445
2276 446
2103 447
1979 448
1953 449
1745 450
1651 451
1561 452
1457 453
1390 454
1356 455
1261 456
1167 457
1132 458
934 459
913 460
916 461
879 462
731 463
770 464
718 465
639 466
588 467
570 468
521 469
523 470
487 471
464 472
365 473
386 474
388 475
335 476
308 477
280 478
252 479
246 480
213 481
204 482
193 483
194 484
168 485
141 486
153 487
140 488
133 489
116 490
113 491
96 492
95 493
90 494
75 495
54 496
70 497
76 498
49 499
54 500
51 501
47 502
46 503
46 504
35 505
36 506
29 507
29 508
22 509
24 510
32 511
16 512
15 513
18 514
10 515
17 516
12 517
15 518
14 519
17 520
13 521
9 522
7 523
7 524
6 525
10 526
9 527
5 528
2 529
3 530
6 531
2 532
2 534
2 535
1 536
1 537
3 538
2 539
1 540
4 541
2 546
2 548
1 550
1 552
1 555
1 557
1 583
1 600
